01,2,3,5,7,10,14,16,22,23,20,24,25,29
02,1,2,3,4,10,11,12,15,16,17,20,21,25,27,28,29
03,7,8,9,11,18,15,14,20,21,23,24,26,29
04,9,1,4,5,6,8,10,13,15,17,18,19,20,21,22,23,29,27,28
05,11,10,4,3,7,8,9,12,13,14,16,19,20,23,26,28
06,2,3,4,1,8,16,11,13,19,20,23,24,25
07,2,3,1,6,10,7,14,16,18,23,20,19,28,29
08,3,11,5,2,9,13,14,19,20,23,29,26
09,8,5,2,7,10,1,14,16,17,15,20,19,23,28,26,27
10,5,3,6,7,9,10,1,14,18,17,19,23,21,29,24
11,4,2,1,10,8,7,6,3,11,13,15,18,19,20,22,21,25,24
12,10,5,8,2,1,18,17,16,22,23,21,20,28,29,26
13,2,3,1,9,7,16,18,13,20,23,25,29
14,6,11,12,2,1,8,14,15,16,18,20,19,22,25,24
15,2,5,10,9,13,16,17,15,18,20,19,22,23,25,26,27,29
16,12,7,10,2,15,18,19,20,24,25,26
17,9,8,3,2,6,14,13,16,20,24,27,28
18,3,1,4,10,18,13,22,21,25,29
19,7,1,4,2,9,10,15,13,20,21,22,29,28
20,7,9,10,2,4,14,18,20,22,24,27,28,29
21,11,12,2,3,1,13,18,15,20,19,21,24,27
22,4,6,9,11,14,18,22,23,24,27,28
23,12,4,7,1,2,13,18,17,21,20,19,24,25
24,5,1,2,3,9,4,17,18,21,20,22,26,27
25,11,7,3,4,16,14,20,22,29,24
26,5,6,7,11,9,10,15,13,17,21,23,29,26
27,4,10,9,12,1,18,17,22,21,23,29,24
28,8,1,5,9,2,1,17,18,13,19,23,27,26,25
29,7,3,11,2,1,4,6,16,14,13,19,23,26,28
30,2,7,3,6,9,10,11,4,15,16,19,21,25,27,26,29
   




